order of stops Start: 1(home depot) 
			   stop1: 3
			   stop2: 5
			   stop3: 3 
			   stop4: 3
			   stop5: 1






Standard Y track test case adjacency matrix;

0 15 0 0 0 0 
15 0 15 0 11 0 
0 15 0 15 0 0 
0 0 15 0 0 0 
0 11 0 0 0 15 
0 0 0 0 15 0

----------------------------------------------------------------------------


Standard Y track test case Distance Matrix

0, 15, 30, 45, 26, 41
15, 0, 15, 30, 11, 26
30, 15, 0, 15, 26, 41
45, 30, 15, 0, 41, 56
26, 11, 26, 41, 0, 15
41, 26, 41, 56, 15, 0

--------------------------------------------------------------------------------


0 1 0 0 0 0 
1 0 1 0 1 0 
0 1 0 1 0 0 
0 0 1 0 0 0 
0 1 0 0 0 1 
0 0 0 0 1 0 